19036
19035
19034
19033
19032
19031
19030
19029
19028
19027
19026
19025
19024
19023
19022
19021
19020
19019
19018
19017
19016
19015
19014
19013
19012
19011
19010
19009
19008
19007
19006
19005
19004
19003
19002
19001
18176
18175
18174
18173
18172
18171
18170
18169
18168
18167
18166
18165
18164
18163
18162
18161
18160
18159
18158
18157
18156
18154
18153
18152
18151
18150
18149
18148
18147
18146
18145
18144
18143
18142
18141
18140
18139
18138
18137
18136
18135
18134
18133
18132
18131
18130
18129
18128
18127
18126
18125
18124
18123
18122
18121
18120
18119
18118
18117
18116
18115
18114
18113
18112
18111
18110
18109
18108
18107
18106
18105
18104
18103
18102
18101
18100
18099
18098
18097
18096
18095
18094
18093
18092
18091
18090
18089
18088
18087
18086
18085
18084
18083
18082
18081
18080
18079
18078
18077
18076
18075
18074
18073
18072
18071
18070
18069
18068
18067
18066
18065
18064
18063
18062
18061
18060
18059
18058
18057
18056
18055
18054
18053
18052
18051
18050
18049
18048
18047
18046
18045
18044
18043
18042
18041
18040
18039
18038
18037
18036
18035
18034
18033
18032
18031
18030
18029
18028
18027
18026
18025
18024
18023
18022
18021
18020
18019
18018
18017
18016
18015
18014
18013
18012
18011
18010
18009
18008
18007
18006
18005
18004
18003
18002
18001
17195
17194
17193
17192
17191
17190
17189
17188
17187
17186
17185
17184
17183
17182
17181
17180
17179
17178
17177
17176
17175
17174
17173
17172
17171
17170
17169
17168
17167
17166
17165
17164
17163
17162
17161
17160
17159
17158
17157
17156
17155
17154
17153
17152
17151
17150
17149
17148
17147
17146
17145
17144
17143
17142
17141
17140
17139
17138
17137
17136
17135
17134
17133
17132
17131
17130
17129
17128
17127
17126
17125
17124
17123
17122
17121
17120
17119
17118
17117
17116
17115
17114
17113
17112
17111
17110
17109
17108
17107
17106
17105
17104
17103
17102
17101
17100
17099
17098
17097
17096
17095
17094
17093
17092
17091
17090
17089
17088
17087
17086
17085
17084
17083
17082
17081
17080
17079
17078
17077
17076
17075
17074
17073
17072
17071
17070
17069
17068
17067
17066
17065
17064
17063
17062
17061
17060
17059
17058
17057
17056
17055
17054
17053
17052
17051
17050
17049
17048
17047
17046
17045
17044
17043
17042
17041
17040
17039
17038
17037
17036
17035
17034
17033
17032
17031
17030
17029
17028
17027
17026
17025
17024
17023
17022
17021
17020
17019
17018
17017
17016
17015
17014
17013
17012
17011
17010
17009
17008
17007
17006
17005
17004
17003
17002
17001
16199
16198
16197
16196
16195
16194
16193
16192
16191
16190
16189
16188
16187
16186
16185
16184
16183
16182
16181
16180
16179
16178
16177
16176
16175
16174
16173
16172
16171
16170
16169
16168
16167
16166
16165
16164
16163
16162
16161
16160
16159
16158
16157
16156
16155
16154
16153
16152
16151
16150
16149
16148
16147
16146
16145
16144
16143
16142
16141
16140
16139
16138
16137
16136
16135
16134
16133
16132
16131
16130
16129
16128
16127
16126
16125
16124
16123
16122
16121
16120
16119
16118
16117
16116
16115
16114
16113
16112
16111
16110
16109
16108
16107
16106
16105
16104
16103
16102
16101
16100
16099
16098
16097
16096
16095
16094
16093
16092
16091
16090
16089
16088
16087
16086
16085
16084
16083
16082
16081
16080
16079
16078
16077
16076
16075
16074
16073
16072
16071
16070
16069
16068
16067
16066
16065
16064
16063
16062
16061
16060
16059
16058
16057
16056
16055
16054
16053
16052
16051
16050
16049
16048
16047
16046
16045
16044
16043
16042
16041
16040
16039
16038
16037
16036
16035
16034
16033
16032
16031
16030
16029
16028
16027
16026
16025
16024
16023
16022
16021
16020
16019
16018
16017
16016
16015
16014
16013
16012
16011
16010
16009
16008
16007
16006
16005
16004
16003
16002
16001
15199
15198
15197
15196
15195
15194
15193
15192
15191
15190
15189
15188
15187
15186
15185
15184
15183
15182
15181
15180
15179
15178
15177
15176
15175
15174
15173
15172
15171
15170
15169
15168
15167
15166
15165
15164
15163
15162
15161
15160
15159
15158
15157
15156
15155
15154
15153
15152
15151
15150
15149
15148
15147
15146
15145
15144
15143
15142
15141
15140
15139
15138
15137
15136
15135
15134
15133
15132
15131
15130
15129
15128
15127
15126
15125
15124
15123
15122
15121
15120
15119
15118
15117
15116
15115
15114
15113
15112
15111
15110
15109
15108
15107
15106
15105
15104
15103
15102
15101
15100
15099
15098
15097
15096
15095
15094
15093
15092
15091
15090
15089
15088
15087
15086
15085
15084
15083
15082
15081
15080
15079
15078
15077
15076
15075
15074
15073
15072
15071
15070
15069
15068
15067
15066
15065
15064
15063
15062
15061
15060
15059
15058
15057
15056
15055
15054
15053
15052
15051
15050
15049
15048
15047
15046
15045
15044
15043
15042
15041
15040
15039
15038
15037
15036
15035
15034
15033
15032
15031
15030
15029
15028
15027
15026
15025
15024
15023
15022
15021
15020
15019
15018
15017
15016
15015
15014
15013
15012
15011
15010
15009
15008
15007
15006
15005
15004
15003
15002
15001
14189
14188
14187
14186
14185
14184
14183
14182
14181
14180
14179
14178
14177
14176
14175
14174
14173
14172
14171
14170
14169
14168
14167
14166
14165
14164
14163
14162
14161
14160
14159
14158
14157
14156
14155
14154
14153
14152
14151
14150
14149
14148
14147
14146
14145
14144
14143
14142
14141
14140
14139
14138
14137
14136
14135
14134
14133
14132
14131
14130
14129
14128
14127
14126
14125
14124
14123
14122
14121
14120
14119
14118
14117
14116
14115
14114
14113
14112
14111
14110
14109
14108
14107
14106
14105
14104
14103
14102
14101
14100
14099
14098
14097
14096
14095
14094
14093
14092
14091
14090
14089
14088
14087
14086
14085
14084
14083
14082
14081
14080
14079
14078
14077
14076
14075
14074
14073
14072
14071
14070
14069
14068
14067
14066
14065
14064
14063
14062
14061
14060
14059
14058
14057
14056
14055
14054
14053
14052
14051
14050
14049
14048
14047
14046
14045
14044
14043
14042
14041
14040
14039
14038
14037
14036
14035
14034
14033
14032
14031
14030
14029
14028
14027
14026
14025
14024
14023
14022
14021
14020
14019
14018
14017
14016
14015
14014
14013
14012
14011
14010
14009
14008
14007
14006
14005
14004
14003
14002
14001
13185
13184
13183
13182
13181
13180
13179
13178
13177
13176
13175
13174
13173
13172
13171
13170
13169
13168
13167
13166
13165
13164
13163
13162
13161
13160
13159
13158
13157
13156
13155
13154
13153
13152
13151
13150
13149
13148
13147
13146
13145
13144
13143
13142
13141
13140
13139
13138
13137
13136
13135
13134
13133
13132
13131
13130
13129
13128
13127
13126
13125
13124
13123
13122
13121
13120
13119
13118
13117
13116
13115
13114
13113
13112
13111
13110
13109
13108
13107
13106
13105
13104
13103
13102
13101
13100
13099
13098
13097
13096
13095
13094
13093
13092
13091
13090
13089
13088
13087
13086
13085
13084
13083
13082
13081
13080
13079
13078
13077
13076
13075
13074
13073
13072
13071
13070
13069
13068
13067
13066
13065
13064
13063
13062
13061
13060
13059
13058
13057
13056
13055
13054
13053
13052
13051
13050
13049
13048
13047
13046
13045
13044
13043
13042
13041
13040
13039
13038
13037
13036
13035
13034
13033
13032
13031
13030
13029
13028
13027
13026
13025
13024
13023
13022
13021
13020
13019
13018
13017
13016
13015
13014
13013
13012
13011
13010
13009
13008
13007
13006
13005
13004
13003
13002
13001
12178
12177
12176
12175
12174
12173
12172
12171
12170
12169
12168
12167
12166
12165
12164
12163
12162
12161
12160
12159
12158
12157
12156
12155
12154
12153
12152
12151
12150
12149
12148
12147
12146
12145
12144
12143
12142
12141
12140
12139
12138
12137
12136
12135
12134
12133
12132
12131
12130
12129
12128
12127
12126
12125
12124
12123
12122
12121
12120
12119
12118
12117
12116
12115
12114
12113
12112
12111
12110
12109
12108
12107
12106
12105
12104
12103
12102
12101
12100
12099
12098
12097
12096
12095
12094
12093
12092
12091
12090
12089
12088
12087
12086
12085
12084
12083
12082
12081
12080
12079
12078
12077
12076
12075
12074
12073
12072
12071
12070
12069
12068
12067
12066
12065
12064
12063
12062
12061
12060
12059
12058
12057
12056
12055
12054
12053
12052
12051
12050
12049
12048
12047
12046
12045
12044
12043
12042
12041
12040
12039
12038
12037
12036
12035
12034
12033
12032
12031
12030
12029
12028
12027
12026
12025
12024
12023
12022
12021
12020
12019
12018
12017
12016
12015
12014
12013
12012
12011
12010
12009
12008
12007
12006
12005
12004
12003
12002
12001
11141
11140
11139
11138
11137
11136
11135
11134
11133
11132
11131
11130
11129
11128
11127
11126
11125
11124
11123
11122
11121
11120
11119
11118
11117
11116
11115
11114
11113
11112
11111
11110
11109
11108
11107
11106
11105
11104
11103
11102
11101
11100
11099
11098
11097
11096
11095
11094
11093
11092
11091
11090
11089
11088
11087
11086
11085
11084
11083
11082
11081
11080
11079
11078
11077
11076
11075
11074
11073
11072
11071
11070
11069
11068
11067
11066
11065
11064
11063
11062
11061
11060
11059
11058
11057
11056
11055
11054
11053
11052
11051
11050
11049
11048
11047
11046
11045
11044
11043
11042
11041
11040
11039
11038
11037
11036
11035
11034
11033
11032
11031
11030
11029
11028
11027
11026
11025
11024
11023
11022
11021
11020
11019
11018
11017
11016
11015
11014
11013
11012
11011
11010
11009
11008
11007
11006
11005
11004
11003
11002
11001
10128
10127
10126
10125
10124
10123
10122
10121
10120
10119
10118
10117
10116
10115
10114
10113
10112
10111
10110
10109
10108
10107
10106
10105
10104
10103
10102
10101
10100
10099
10098
10097
10096
10095
10094
10093
10092
10091
10090
10088
10087
10086
10085
10084
10083
10082
10081
10080
10079
10078
10077
10076
10075
10074
10073
10072
10071
10070
10069
10068
10067
10066
10065
10064
10063
10062
10061
10060
10059
10058
10057
10056
10055
10054
10053
10052
10051
10050
10049
10048
10047
10046
10045
10044
10043
10042
10041
10040
10039
10038
10037
10036
10035
10034
10033
10032
10031
10030
10029
10028
10027
10026
10025
10024
10023
10022
10021
10020
10019
10018
10017
10016
10015
10014
10013
10012
10011
10010
10009
10008
10007
10006
10005
10004
10003
10002
10001